0
1 2
0 _ 1
0 A 2
0 B 2
0 C 2
0 D 2
0 E 2
0 F 2
0 G 2
0 H 2
0 I 2
0 J 2
0 K 2
0 L 2
0 M 2
0 N 2
0 O 2
0 P 2
0 Q 2
0 R 2
0 S 2
0 T 2
0 U 2
0 V 2
0 W 2
0 X 2
0 Y 2
0 Z 2
0 a 2
0 b 2
0 c 2
0 d 2
0 e 2
0 f 2
0 g 2
0 h 2
0 i 2
0 j 2
0 k 2
0 l 2
0 m 2
0 n 2
0 o 2
0 p 2
0 q 2
0 r 2
0 s 2
0 t 2
0 u 2
0 v 2
0 w 2
0 x 2
0 y 2
0 z 2
1 _ 1
1 A 1
1 B 1
1 C 1
1 D 1
1 E 1
1 F 1
1 G 1
1 H 1
1 I 1
1 J 1
1 K 1
1 L 1
1 M 1
1 N 1
1 O 1
1 P 1
1 Q 1
1 R 1
1 S 1
1 T 1
1 U 1
1 V 1
1 W 1
1 X 1
1 Y 1
1 Z 1
1 a 1
1 b 1
1 c 1
1 d 1
1 e 1
1 f 1
1 g 1
1 h 1
1 i 1
1 j 1
1 k 1
1 l 1
1 m 1
1 n 1
1 o 1
1 p 1
1 q 1
1 r 1
1 s 1
1 t 1
1 u 1
1 v 1
1 w 1
1 x 1
1 y 1
1 z 1
1 0 1
1 1 1
1 2 1
1 3 1
1 4 1
1 5 1
1 6 1
1 7 1
1 8 1
1 9 1
2 _ 2
2 A 2
2 B 2
2 C 2
2 D 2
2 E 2
2 F 2
2 G 2
2 H 2
2 I 2
2 J 2
2 K 2
2 L 2
2 M 2
2 N 2
2 O 2
2 P 2
2 Q 2
2 R 2
2 S 2
2 T 2
2 U 2
2 V 2
2 W 2
2 X 2
2 Y 2
2 Z 2
2 a 2
2 b 2
2 c 2
2 d 2
2 e 2
2 f 2
2 g 2
2 h 2
2 i 2
2 j 2
2 k 2
2 l 2
2 m 2
2 n 2
2 o 2
2 p 2
2 q 2
2 r 2
2 s 2
2 t 2
2 u 2
2 v 2
2 w 2
2 x 2
2 y 2
2 z 2
2 0 2
2 1 2
2 2 2
2 3 2
2 4 2
2 5 2
2 6 2
2 7 2
2 8 2
2 9 2
